start=1048.782000
speed=1.331000
fullscreen=yes
