start=4112.450000
speed=1.948717
fullscreen=yes
