start=374.800000
pause=yes
fullscreen=yes
sid=1
sub-pos=97
sub-scale=0.800000
