start=909.951000
pause=yes
fullscreen=yes
sid=2
sub-pos=98
sub-scale=0.800000
